1.000000e+00
1.911050e+05
2.000000e-01
2.420000e+01
5.168000e+01
7.510000e+00
1.510000e+12
2.980000e+02
8.360000e+02
8.130000e+02
1.000000e-20
1.353089e-20
1.830851e-20
2.477305e-20
3.352014e-20
4.535575e-20
6.137038e-20
8.303960e-20
1.123600e-19
1.520331e-19
2.057144e-19
2.783499e-19
3.766323e-19
5.096172e-19
6.895576e-19
9.330330e-19
1.262477e-18
1.708244e-18
2.311407e-18
3.127540e-18
4.231841e-18
5.726059e-18
7.747869e-18
1.048356e-17
1.418519e-17
1.919383e-17
2.597097e-17
3.514104e-17
4.754896e-17
6.433800e-17
8.705506e-17
1.177933e-16
1.593848e-16
2.156619e-16
2.918098e-16
3.948447e-16
5.342602e-16
7.229017e-16
9.781506e-16
1.323525e-15
1.790848e-15
2.423177e-15
3.278775e-15
4.436475e-15
6.002947e-15
8.122524e-15
1.099050e-14
1.487113e-14
2.012197e-14
2.722682e-14
3.684031e-14
4.984824e-14
6.744912e-14
9.126468e-14
1.234893e-13
1.670920e-13
2.260904e-13
3.059205e-13
4.139378e-13
5.600948e-13
7.578583e-13
1.025450e-12
1.387525e-12
1.877446e-12
2.540352e-12
3.437323e-12
4.651005e-12
6.293225e-12
8.515296e-12
1.152196e-11
1.559024e-11
2.109498e-11
2.854339e-11
3.862176e-11
5.225869e-11
7.071068e-11
9.567786e-11
1.294607e-10
1.751719e-10
2.370232e-10
3.207136e-10
4.339541e-10
5.871787e-10
7.945052e-10
1.075036e-09
1.454620e-09
1.968231e-09
2.663193e-09
3.603538e-09
4.875908e-09
6.597540e-09
8.927060e-09
1.207911e-08
1.634411e-08
2.211505e-08
2.992363e-08
4.048935e-08
5.478571e-08
7.412995e-08
1.003045e-07
1.357209e-07
1.836425e-07
2.484847e-07
3.362220e-07
4.549383e-07
6.155722e-07
8.329242e-07
1.127021e-06
1.524960e-06
2.063407e-06
2.791974e-06
3.777790e-06
5.111687e-06
6.916569e-06
9.358736e-06
1.266321e-05
1.713445e-05
2.318444e-05
3.137062e-05
4.244725e-05
5.743492e-05
7.771457e-05
1.051548e-04
1.422838e-04
1.925227e-04
2.605004e-04
3.524803e-04
4.769373e-04
6.453387e-04
8.732010e-04
1.181519e-03
1.598701e-03
2.163185e-03
2.926982e-03
3.960468e-03
5.358867e-03
7.251026e-03
9.811286e-03
1.327555e-02
1.796300e-02
2.430554e-02
3.288757e-02
4.449982e-02
6.021223e-02
8.147253e-02
1.102396e-01
1.491640e-01
2.018323e-01
2.730971e-01
3.695248e-01
5.000000e-01
5.595238e-01
6.190476e-01
6.785714e-01
7.380952e-01
7.976190e-01
8.571429e-01
9.166667e-01
9.761905e-01
1.035714e+00
1.095238e+00
1.154762e+00
1.214286e+00
1.273810e+00
1.333333e+00
1.392857e+00
1.452381e+00
1.511905e+00
1.571429e+00
1.630952e+00
1.690476e+00
1.750000e+00
1.809524e+00
1.869048e+00
1.928571e+00
1.988095e+00
2.047619e+00
2.107143e+00
2.166667e+00
2.226190e+00
2.285714e+00
2.345238e+00
2.404762e+00
2.464286e+00
2.523810e+00
2.583333e+00
2.642857e+00
2.702381e+00
2.761905e+00
2.821429e+00
2.880952e+00
2.940476e+00
3.000000e+00
3.059524e+00
3.119048e+00
3.178571e+00
3.238095e+00
3.297619e+00
3.357143e+00
3.416667e+00
3.476190e+00
3.535714e+00
3.595238e+00
3.654762e+00
3.714286e+00
3.773810e+00
3.833333e+00
3.892857e+00
3.952381e+00
4.011905e+00
4.071429e+00
4.130952e+00
4.190476e+00
4.250000e+00
4.309524e+00
4.369048e+00
4.428571e+00
4.488095e+00
4.547619e+00
4.607143e+00
4.666667e+00
4.726190e+00
4.785714e+00
4.845238e+00
4.904762e+00
4.964286e+00
5.023810e+00
5.083333e+00
5.142857e+00
5.202381e+00
5.261905e+00
5.321429e+00
5.380952e+00
5.440476e+00
5.500000e+00
5.521782e+00
5.543564e+00
5.565347e+00
5.587129e+00
5.608911e+00
5.630693e+00
5.652475e+00
5.674257e+00
5.696040e+00
5.717822e+00
5.739604e+00
5.761386e+00
5.783168e+00
5.804950e+00
5.826733e+00
5.848515e+00
5.870297e+00
5.892079e+00
5.913861e+00
5.935644e+00
5.957426e+00
5.979208e+00
6.000990e+00
6.022772e+00
6.044554e+00
6.066337e+00
6.088119e+00
6.109901e+00
6.131683e+00
6.153465e+00
6.175248e+00
6.197030e+00
6.218812e+00
6.240594e+00
6.262376e+00
6.284158e+00
6.305941e+00
6.327723e+00
6.349505e+00
6.371287e+00
6.393069e+00
6.414851e+00
6.436634e+00
6.458416e+00
6.480198e+00
6.501980e+00
6.523762e+00
6.545545e+00
6.567327e+00
6.589109e+00
6.610891e+00
6.632673e+00
6.654455e+00
6.676238e+00
6.698020e+00
6.719802e+00
6.741584e+00
6.763366e+00
6.785149e+00
6.806931e+00
6.828713e+00
6.850495e+00
6.872277e+00
6.894059e+00
6.915842e+00
6.937624e+00
6.959406e+00
6.981188e+00
7.002970e+00
7.024752e+00
7.046535e+00
7.068317e+00
7.090099e+00
7.111881e+00
7.133663e+00
7.155446e+00
7.177228e+00
7.199010e+00
7.220792e+00
7.242574e+00
7.264356e+00
7.286139e+00
7.307921e+00
7.329703e+00
7.351485e+00
7.373267e+00
7.395050e+00
7.416832e+00
7.438614e+00
7.460396e+00
7.482178e+00
7.503960e+00
7.510000e+00
7.525743e+00
7.547525e+00
7.569307e+00
7.591089e+00
7.612871e+00
7.634653e+00
7.656436e+00
7.678218e+00
7.700000e+00
7.730750e+00
7.761500e+00
7.792250e+00
7.823000e+00
7.853750e+00
7.884500e+00
7.915250e+00
7.946000e+00
7.976750e+00
8.007500e+00
8.038250e+00
8.069000e+00
8.099750e+00
8.130500e+00
8.161250e+00
8.192000e+00
8.222750e+00
8.253500e+00
8.284250e+00
8.315000e+00
8.345750e+00
8.376500e+00
8.407250e+00
8.438000e+00
8.468750e+00
8.499500e+00
8.530250e+00
8.561000e+00
8.591750e+00
8.622500e+00
8.653250e+00
8.684000e+00
8.714750e+00
8.745500e+00
8.776250e+00
8.807000e+00
8.837750e+00
8.868500e+00
8.899250e+00
8.930000e+00
8.960750e+00
8.991500e+00
9.022250e+00
9.053000e+00
9.083750e+00
9.114500e+00
9.145250e+00
9.176000e+00
9.206750e+00
9.237500e+00
9.268250e+00
9.299000e+00
9.329750e+00
9.360500e+00
9.391250e+00
9.422000e+00
9.452750e+00
9.483500e+00
9.514250e+00
9.545000e+00
9.575750e+00
9.606500e+00
9.637250e+00
9.668000e+00
9.698750e+00
9.729500e+00
9.760250e+00
9.791000e+00
9.821750e+00
9.852500e+00
9.883250e+00
9.914000e+00
9.944750e+00
9.975500e+00
1.000625e+01
1.003700e+01
1.006775e+01
1.009850e+01
1.012925e+01
1.016000e+01
1.019075e+01
1.022150e+01
1.025225e+01
1.028300e+01
1.031375e+01
1.034450e+01
1.037525e+01
1.040600e+01
1.043675e+01
1.046750e+01
1.049825e+01
1.052900e+01
1.055975e+01
1.059050e+01
1.062125e+01
1.065200e+01
1.068275e+01
1.071350e+01
1.074425e+01
1.077500e+01
1.080575e+01
1.083650e+01
1.086725e+01
1.089800e+01
1.092875e+01
1.095950e+01
1.099025e+01
1.102100e+01
1.105175e+01
1.108250e+01
1.111325e+01
1.114400e+01
1.117475e+01
1.120550e+01
1.123625e+01
1.126700e+01
1.129775e+01
1.132850e+01
1.135925e+01
1.139000e+01
1.142075e+01
1.145150e+01
1.148225e+01
1.151300e+01
1.154375e+01
1.157450e+01
1.160525e+01
1.163600e+01
1.166675e+01
1.169750e+01
1.172825e+01
1.175900e+01
1.178975e+01
1.182050e+01
1.185125e+01
1.188200e+01
1.191275e+01
1.194350e+01
1.197425e+01
1.200500e+01
1.203575e+01
1.206650e+01
1.209725e+01
1.212800e+01
1.215875e+01
1.218950e+01
1.222025e+01
1.225100e+01
1.228175e+01
1.231250e+01
1.234325e+01
1.237400e+01
1.240475e+01
1.243550e+01
1.246625e+01
1.249700e+01
1.252775e+01
1.255850e+01
1.258925e+01
1.262000e+01
1.265075e+01
1.268150e+01
1.271225e+01
1.274300e+01
1.277375e+01
1.280450e+01
1.283525e+01
1.286600e+01
1.289675e+01
1.292750e+01
1.295825e+01
1.298900e+01
1.301975e+01
1.305050e+01
1.308125e+01
1.311200e+01
1.314275e+01
1.317350e+01
1.320425e+01
1.323500e+01
1.326575e+01
1.329650e+01
1.332725e+01
1.335800e+01
1.338875e+01
1.341950e+01
1.345025e+01
1.348100e+01
1.351175e+01
1.354250e+01
1.357325e+01
1.360400e+01
1.363475e+01
1.366550e+01
1.369625e+01
1.372700e+01
1.375775e+01
1.378850e+01
1.381925e+01
1.385000e+01
1.388075e+01
1.391150e+01
1.394225e+01
1.397300e+01
1.400375e+01
1.403450e+01
1.406525e+01
1.409600e+01
1.412675e+01
1.415750e+01
1.418825e+01
1.421900e+01
1.424975e+01
1.428050e+01
1.431125e+01
1.434200e+01
1.437275e+01
1.440350e+01
1.443425e+01
1.446500e+01
1.449575e+01
1.452650e+01
1.455725e+01
1.458800e+01
1.461875e+01
1.464950e+01
1.468025e+01
1.471100e+01
1.474175e+01
1.477250e+01
1.480325e+01
1.483400e+01
1.486475e+01
1.489550e+01
1.492625e+01
1.495700e+01
1.498775e+01
1.501850e+01
1.504925e+01
1.508000e+01
1.511075e+01
1.514150e+01
1.517225e+01
1.520300e+01
1.523375e+01
1.526450e+01
1.529525e+01
1.532600e+01
1.535675e+01
1.538750e+01
1.541825e+01
1.544900e+01
1.547975e+01
1.551050e+01
1.554125e+01
1.557200e+01
1.560275e+01
1.563350e+01
1.566425e+01
1.569500e+01
1.572575e+01
1.575650e+01
1.578725e+01
1.581800e+01
1.584875e+01
1.587950e+01
1.591025e+01
1.594100e+01
1.597175e+01
1.600250e+01
1.603325e+01
1.606400e+01
1.609475e+01
1.612550e+01
1.615625e+01
1.618700e+01
1.621775e+01
1.624850e+01
1.627925e+01
1.631000e+01
1.634075e+01
1.637150e+01
1.640225e+01
1.643300e+01
1.646375e+01
1.649450e+01
1.652525e+01
1.655600e+01
1.658675e+01
1.661750e+01
1.664825e+01
1.667900e+01
1.670975e+01
1.674050e+01
1.677125e+01
1.680200e+01
1.683275e+01
1.686350e+01
1.689425e+01
1.692500e+01
1.695575e+01
1.698650e+01
1.701725e+01
1.704800e+01
1.707875e+01
1.710950e+01
1.714025e+01
1.717100e+01
1.720175e+01
1.723250e+01
1.726325e+01
1.729400e+01
1.732475e+01
1.735550e+01
1.738625e+01
1.741700e+01
1.744775e+01
1.747850e+01
1.750925e+01
1.754000e+01
1.757075e+01
1.760150e+01
1.763225e+01
1.766300e+01
1.769375e+01
1.772450e+01
1.775525e+01
1.778600e+01
1.781675e+01
1.784750e+01
1.787825e+01
1.790900e+01
1.793975e+01
1.797050e+01
1.800125e+01
1.803200e+01
1.806275e+01
1.809350e+01
1.812425e+01
1.815500e+01
1.818575e+01
1.821650e+01
1.824725e+01
1.827800e+01
1.830875e+01
1.833950e+01
1.837025e+01
1.840100e+01
1.843175e+01
1.846250e+01
1.849325e+01
1.852400e+01
1.855475e+01
1.858550e+01
1.861625e+01
1.864700e+01
1.867775e+01
1.870850e+01
1.873925e+01
1.877000e+01
1.880075e+01
1.883150e+01
1.886225e+01
1.889300e+01
1.892375e+01
1.895450e+01
1.898525e+01
1.901600e+01
1.904675e+01
1.907750e+01
1.910825e+01
1.913900e+01
1.916975e+01
1.920050e+01
1.923125e+01
1.926200e+01
1.929275e+01
1.932350e+01
1.935425e+01
1.938500e+01
1.941575e+01
1.944650e+01
1.947725e+01
1.950800e+01
1.953875e+01
1.956950e+01
1.960025e+01
1.963100e+01
1.966175e+01
1.969250e+01
1.972325e+01
1.975400e+01
1.978475e+01
1.981550e+01
1.984625e+01
1.987700e+01
1.990775e+01
1.993850e+01
1.996925e+01
2.000000e+01
2.010000e+01
2.020000e+01
2.030000e+01
2.040000e+01
2.050000e+01
2.060000e+01
2.070000e+01
2.080000e+01
2.090000e+01
2.100000e+01
2.110000e+01
2.120000e+01
2.130000e+01
2.140000e+01
2.150000e+01
2.160000e+01
2.170000e+01
2.180000e+01
2.190000e+01
2.200000e+01
2.210000e+01
2.220000e+01
2.230000e+01
2.240000e+01
2.250000e+01
2.260000e+01
2.270000e+01
2.280000e+01
2.290000e+01
2.300000e+01
2.310000e+01
2.320000e+01
2.330000e+01
2.340000e+01
2.350000e+01
2.360000e+01
2.370000e+01
2.380000e+01
2.390000e+01
2.400000e+01
2.410000e+01
2.420000e+01
2.430000e+01
2.440000e+01
2.450000e+01
2.460000e+01
2.470000e+01
2.480000e+01
2.490000e+01
2.500000e+01
2.510000e+01
2.520000e+01
2.530000e+01
2.540000e+01
2.550000e+01
2.560000e+01
2.570000e+01
2.580000e+01
2.590000e+01
2.600000e+01
2.610000e+01
2.620000e+01
2.630000e+01
2.640000e+01
2.650000e+01
2.660000e+01
2.670000e+01
2.680000e+01
2.690000e+01
2.700000e+01
2.710000e+01
2.720000e+01
2.730000e+01
2.740000e+01
2.750000e+01
2.760000e+01
2.770000e+01
2.780000e+01
2.790000e+01
2.800000e+01
2.810000e+01
2.820000e+01
2.830000e+01
2.840000e+01
2.850000e+01
2.860000e+01
2.870000e+01
2.880000e+01
2.890000e+01
2.900000e+01
2.910000e+01
2.920000e+01
2.930000e+01
2.940000e+01
2.950000e+01
2.960000e+01
2.970000e+01
2.980000e+01
2.990000e+01
1.000000e+00
5.000000e+01
1.000000e+02
1.193333e+02
1.386667e+02
1.580000e+02
1.773333e+02
1.966667e+02
2.160000e+02
2.353333e+02
2.546667e+02
2.740000e+02
2.933333e+02
2.980000e+02
3.126667e+02
3.320000e+02
3.513333e+02
3.706667e+02
3.900000e+02
4.093333e+02
4.286667e+02
4.480000e+02
4.673333e+02
4.866667e+02
5.060000e+02
5.253333e+02
5.446667e+02
5.640000e+02
5.833333e+02
6.026667e+02
6.220000e+02
6.413333e+02
6.606667e+02
6.800000e+02
6.993333e+02
7.186667e+02
7.380000e+02
7.573333e+02
7.766667e+02
7.960000e+02
8.153333e+02
8.346667e+02
8.540000e+02
8.733333e+02
8.926667e+02
9.120000e+02
9.313333e+02
9.506667e+02
9.700000e+02
9.893333e+02
1.008667e+03
1.028000e+03
1.047333e+03
1.066667e+03
1.086000e+03
1.105333e+03
1.124667e+03
1.144000e+03
1.163333e+03
1.182667e+03
1.202000e+03
1.221333e+03
1.240667e+03
1.260000e+03
1.279333e+03
1.298667e+03
1.318000e+03
1.337333e+03
1.356667e+03
1.376000e+03
1.395333e+03
1.414667e+03
1.434000e+03
1.453333e+03
1.472667e+03
1.492000e+03
1.511333e+03
1.530667e+03
1.550000e+03
1.552000e+03
1.554000e+03
1.556000e+03
1.558000e+03
1.560000e+03
1.562000e+03
1.564000e+03
1.566000e+03
1.568000e+03
1.570000e+03
1.572000e+03
1.574000e+03
1.576000e+03
1.578000e+03
1.580000e+03
1.582000e+03
1.584000e+03
1.586000e+03
1.588000e+03
1.590000e+03
1.592000e+03
1.594000e+03
1.596000e+03
1.598000e+03
1.600000e+03
1.602000e+03
1.604000e+03
1.606000e+03
1.608000e+03
1.610000e+03
1.612000e+03
1.614000e+03
1.616000e+03
1.618000e+03
1.620000e+03
1.622000e+03
1.624000e+03
1.626000e+03
1.628000e+03
1.630000e+03
1.632000e+03
1.634000e+03
1.636000e+03
1.638000e+03
1.640000e+03
1.642000e+03
1.644000e+03
1.646000e+03
1.648000e+03
1.650000e+03
1.652000e+03
1.654000e+03
1.656000e+03
1.658000e+03
1.660000e+03
1.662000e+03
1.664000e+03
1.666000e+03
1.668000e+03
1.670000e+03
1.672000e+03
1.674000e+03
1.676000e+03
1.678000e+03
1.680000e+03
1.682000e+03
1.684000e+03
1.686000e+03
1.688000e+03
1.690000e+03
1.692000e+03
1.694000e+03
1.696000e+03
1.698000e+03
1.700000e+03
1.702000e+03
1.704000e+03
1.706000e+03
1.708000e+03
1.710000e+03
1.712000e+03
1.714000e+03
1.716000e+03
1.718000e+03
1.720000e+03
1.722000e+03
1.724000e+03
1.726000e+03
1.728000e+03
1.730000e+03
1.732000e+03
1.734000e+03
1.736000e+03
1.738000e+03
1.740000e+03
1.742000e+03
1.744000e+03
1.746000e+03
1.748000e+03
1.750000e+03
1.786500e+03
1.823000e+03
1.859500e+03
1.896000e+03
1.932500e+03
1.969000e+03
2.005500e+03
2.042000e+03
2.078500e+03
2.115000e+03
2.151500e+03
2.188000e+03
2.224500e+03
2.261000e+03
2.297500e+03
2.334000e+03
2.370500e+03
2.407000e+03
2.443500e+03
2.480000e+03
2.516500e+03
2.553000e+03
2.589500e+03
2.626000e+03
2.662500e+03
2.699000e+03
2.735500e+03
2.772000e+03
2.808500e+03
2.845000e+03
2.881500e+03
2.918000e+03
2.954500e+03
2.991000e+03
3.027500e+03
3.064000e+03
3.100500e+03
3.137000e+03
3.173500e+03
3.210000e+03
3.246500e+03
3.283000e+03
3.319500e+03
3.356000e+03
3.392500e+03
3.429000e+03
3.465500e+03
3.502000e+03
3.538500e+03
3.575000e+03
3.611500e+03
3.648000e+03
3.684500e+03
3.721000e+03
3.757500e+03
3.794000e+03
3.830500e+03
3.867000e+03
3.903500e+03
3.940000e+03
3.976500e+03
4.013000e+03
4.049500e+03
4.086000e+03
4.122500e+03
4.159000e+03
4.195500e+03
4.232000e+03
4.268500e+03
4.305000e+03
4.341500e+03
4.378000e+03
4.414500e+03
4.451000e+03
4.487500e+03
4.524000e+03
4.560500e+03
4.597000e+03
4.633500e+03
4.670000e+03
4.706500e+03
4.743000e+03
4.779500e+03
4.816000e+03
4.852500e+03
4.889000e+03
4.925500e+03
4.962000e+03
4.998500e+03
5.035000e+03
5.071500e+03
5.108000e+03
5.144500e+03
5.181000e+03
5.217500e+03
5.254000e+03
5.290500e+03
5.327000e+03
5.363500e+03
5.400000e+03
5.436500e+03
5.473000e+03
5.509500e+03
5.546000e+03
5.582500e+03
5.619000e+03
5.655500e+03
5.692000e+03
5.728500e+03
5.765000e+03
5.801500e+03
5.838000e+03
5.874500e+03
5.911000e+03
5.947500e+03
5.984000e+03
6.020500e+03
6.057000e+03
6.093500e+03
6.130000e+03
6.166500e+03
6.203000e+03
6.239500e+03
6.276000e+03
6.312500e+03
6.349000e+03
6.385500e+03
6.422000e+03
6.458500e+03
6.495000e+03
6.531500e+03
6.568000e+03
6.604500e+03
6.641000e+03
6.677500e+03
6.714000e+03
6.750500e+03
6.787000e+03
6.823500e+03
6.860000e+03
6.896500e+03
6.933000e+03
6.969500e+03
7.006000e+03
7.042500e+03
7.079000e+03
7.115500e+03
7.152000e+03
7.188500e+03
7.225000e+03
7.261500e+03
7.298000e+03
7.334500e+03
7.371000e+03
7.407500e+03
7.444000e+03
7.480500e+03
7.517000e+03
7.553500e+03
7.590000e+03
7.626500e+03
7.663000e+03
7.699500e+03
7.736000e+03
7.772500e+03
7.809000e+03
7.845500e+03
7.882000e+03
7.918500e+03
7.955000e+03
7.991500e+03
8.028000e+03
8.064500e+03
8.101000e+03
8.137500e+03
8.174000e+03
8.210500e+03
8.247000e+03
8.283500e+03
8.320000e+03
8.356500e+03
8.393000e+03
8.429500e+03
8.466000e+03
8.502500e+03
8.539000e+03
8.575500e+03
8.612000e+03
8.648500e+03
8.685000e+03
8.721500e+03
8.758000e+03
8.794500e+03
8.831000e+03
8.867500e+03
8.904000e+03
8.940500e+03
8.977000e+03
9.013500e+03
9.050000e+03
9.086500e+03
9.123000e+03
9.159500e+03
9.196000e+03
9.232500e+03
9.269000e+03
9.305500e+03
9.342000e+03
9.378500e+03
9.415000e+03
9.451500e+03
9.488000e+03
9.524500e+03
9.561000e+03
9.597500e+03
9.634000e+03
9.670500e+03
9.707000e+03
9.743500e+03
9.780000e+03
9.816500e+03
9.853000e+03
9.889500e+03
9.926000e+03
9.962500e+03
9.999000e+03
1.003550e+04
1.007200e+04
1.010850e+04
1.014500e+04
1.018150e+04
1.021800e+04
1.025450e+04
1.029100e+04
1.032750e+04
1.036400e+04
1.040050e+04
1.043700e+04
1.047350e+04
1.051000e+04
1.054650e+04
1.058300e+04
1.061950e+04
1.065600e+04
1.069250e+04
1.072900e+04
1.076550e+04
1.080200e+04
1.083850e+04
1.087500e+04
1.091150e+04
1.094800e+04
1.098450e+04
1.102100e+04
1.105750e+04
1.109400e+04
1.113050e+04
1.116700e+04
1.120350e+04
1.124000e+04
1.127650e+04
1.131300e+04
1.134950e+04
1.138600e+04
1.142250e+04
1.145900e+04
1.149550e+04
1.153200e+04
1.156850e+04
1.160500e+04
1.164150e+04
1.167800e+04
1.171450e+04
1.175100e+04
1.178750e+04
1.182400e+04
1.186050e+04
1.189700e+04
1.193350e+04
1.197000e+04
1.200650e+04
1.204300e+04
1.207950e+04
1.211600e+04
1.215250e+04
1.218900e+04
1.222550e+04
1.226200e+04
1.229850e+04
1.233500e+04
1.237150e+04
1.240800e+04
1.244450e+04
1.248100e+04
1.251750e+04
1.255400e+04
1.259050e+04
1.262700e+04
1.266350e+04
1.270000e+04
1.273650e+04
1.277300e+04
1.280950e+04
1.284600e+04
1.288250e+04
1.291900e+04
1.295550e+04
1.299200e+04
1.302850e+04
1.306500e+04
1.310150e+04
1.313800e+04
1.317450e+04
1.321100e+04
1.324750e+04
1.328400e+04
1.332050e+04
1.335700e+04
1.339350e+04
1.343000e+04
1.346650e+04
1.350300e+04
1.353950e+04
1.357600e+04
1.361250e+04
1.364900e+04
1.368550e+04
1.372200e+04
1.375850e+04
1.379500e+04
1.383150e+04
1.386800e+04
1.390450e+04
1.394100e+04
1.397750e+04
1.401400e+04
1.405050e+04
1.408700e+04
1.412350e+04
1.416000e+04
1.419650e+04
1.423300e+04
1.426950e+04
1.430600e+04
1.434250e+04
1.437900e+04
1.441550e+04
1.445200e+04
1.448850e+04
1.452500e+04
1.456150e+04
1.459800e+04
1.463450e+04
1.467100e+04
1.470750e+04
1.474400e+04
1.478050e+04
1.481700e+04
1.485350e+04
1.489000e+04
1.492650e+04
1.496300e+04
1.499950e+04
1.503600e+04
1.507250e+04
1.510900e+04
1.514550e+04
1.518200e+04
1.521850e+04
1.525500e+04
1.529150e+04
1.532800e+04
1.536450e+04
1.540100e+04
1.543750e+04
1.547400e+04
1.551050e+04
1.554700e+04
1.558350e+04
1.562000e+04
1.565650e+04
1.569300e+04
1.572950e+04
1.576600e+04
1.580250e+04
1.583900e+04
1.587550e+04
1.591200e+04
1.594850e+04
1.598500e+04
1.602150e+04
1.605800e+04
1.609450e+04
1.613100e+04
1.616750e+04
1.620400e+04
1.624050e+04
1.627700e+04
1.631350e+04
1.635000e+04
1.638650e+04
1.642300e+04
1.645950e+04
1.649600e+04
1.653250e+04
1.656900e+04
1.660550e+04
1.664200e+04
1.667850e+04
1.671500e+04
1.675150e+04
1.678800e+04
1.682450e+04
1.686100e+04
1.689750e+04
1.693400e+04
1.697050e+04
1.700700e+04
1.704350e+04
1.708000e+04
1.711650e+04
1.715300e+04
1.718950e+04
1.722600e+04
1.726250e+04
1.729900e+04
1.733550e+04
1.737200e+04
1.740850e+04
1.744500e+04
1.748150e+04
1.751800e+04
1.755450e+04
1.759100e+04
1.762750e+04
1.766400e+04
1.770050e+04
1.773700e+04
1.777350e+04
1.781000e+04
1.784650e+04
1.788300e+04
1.791950e+04
1.795600e+04
1.799250e+04
1.802900e+04
1.806550e+04
1.810200e+04
1.813850e+04
1.817500e+04
1.821150e+04
1.824800e+04
1.828450e+04
1.832100e+04
1.835750e+04
1.839400e+04
1.843050e+04
1.846700e+04
1.850350e+04
1.854000e+04
1.857650e+04
1.861300e+04
1.864950e+04
1.868600e+04
1.872250e+04
1.875900e+04
1.879550e+04
1.883200e+04
1.886850e+04
1.890500e+04
1.894150e+04
1.897800e+04
1.901450e+04
1.905100e+04
1.908750e+04
1.912400e+04
1.916050e+04
1.919700e+04
1.923350e+04
1.927000e+04
1.930650e+04
1.934300e+04
1.937950e+04
1.941600e+04
1.945250e+04
1.948900e+04
1.952550e+04
1.956200e+04
1.959850e+04
1.963500e+04
1.967150e+04
1.970800e+04
1.974450e+04
1.978100e+04
1.981750e+04
1.985400e+04
1.989050e+04
1.992700e+04
1.996350e+04
2.000000e+04
2.094118e+04
2.188235e+04
2.282353e+04
2.376471e+04
2.470588e+04
2.564706e+04
2.658824e+04
2.752941e+04
2.847059e+04
2.941176e+04
3.035294e+04
3.129412e+04
3.223529e+04
3.317647e+04
3.411765e+04
3.505882e+04
3.600000e+04
3.694118e+04
3.788235e+04
3.882353e+04
3.976471e+04
4.070588e+04
4.164706e+04
4.258824e+04
4.352941e+04
4.447059e+04
4.541176e+04
4.635294e+04
4.729412e+04
4.823529e+04
4.917647e+04
5.011765e+04
5.105882e+04
5.200000e+04
5.294118e+04
5.388235e+04
5.482353e+04
5.576471e+04
5.670588e+04
5.764706e+04
5.858824e+04
5.952941e+04
6.047059e+04
6.141176e+04
6.235294e+04
6.329412e+04
6.423529e+04
6.517647e+04
6.611765e+04
6.705882e+04
6.800000e+04
6.894118e+04
6.988235e+04
7.082353e+04
7.176471e+04
7.270588e+04
7.364706e+04
7.458824e+04
7.552941e+04
7.647059e+04
7.741176e+04
7.835294e+04
7.929412e+04
8.023529e+04
8.117647e+04
8.211765e+04
8.305882e+04
8.400000e+04
8.494118e+04
8.588235e+04
8.682353e+04
8.776471e+04
8.870588e+04
8.964706e+04
9.058824e+04
9.152941e+04
9.247059e+04
9.341176e+04
9.435294e+04
9.529412e+04
9.623529e+04
9.717647e+04
9.811765e+04
9.905882e+04
1.000000e+05
1.096478e+05
1.202264e+05
1.318257e+05
1.445440e+05
1.584893e+05
1.737801e+05
1.905461e+05
2.089296e+05
2.290868e+05
2.511886e+05
2.754229e+05
3.019952e+05
3.311311e+05
3.630781e+05
3.981072e+05
4.365158e+05
4.786301e+05
5.248075e+05
5.754399e+05
6.309573e+05
6.918310e+05
7.585776e+05
8.317638e+05
9.120108e+05
1.000000e+06
1.096478e+06
1.202264e+06
1.318257e+06
1.445440e+06
1.584893e+06
1.737801e+06
1.905461e+06
2.089296e+06
2.290868e+06
2.511886e+06
2.754229e+06
3.019952e+06
3.311311e+06
3.630781e+06
3.981072e+06
4.365158e+06
4.786301e+06
5.248075e+06
5.754399e+06
6.309573e+06
6.918310e+06
7.585776e+06
8.317638e+06
9.120108e+06
